1 637 989139 1437 V1
1 729 1058886 1437 V2
1 832 1065918 1437 V3
1 1015 1109244 1437 V4
1 1197 1180908 1437 V5
2 394 653505 1460 V1
2 489 809706 1460 V2
2 573 899304 1460 V3
2 671 997077 1460 V4
2 743 1023723 1460 V5
2 847 1076898 1460 V6
2 1036 1140969 1460 V7
2 1224 1165032 1460 V8
2 1394 1217238 1460 V9
3 460 766746 1468 V3
3 549 835119 1468 V4
3 642 922998 1468 V5
3 752 951559 1468 V6
3 851 984168 1468 V7
3 1031 1020228 1468 V8
3 1403 1090704 1468 V9
3 1773 1112670 1468 V10
4 656 1064157 1472 V1
4 741 1065303 1472 V2
4 824 1163595 1472 V3
4 1047 1289250 1472 V4
4 1403 1345743 1472 V6
4 1819 1400070 1472 V7
5 293 544881 1484 V1
5 559 1107522 1484 V3
5 650 1160913 1484 V4
5 842 1258326 1484 V5
5 1024 1319805 1484 V6
5 1197 1360212 1484 V7
5 1402 1395654 1484 V8
6 370 687102 1502 V1
6 461 816972 1502 V2
6 533 895338 1502 V3
6 624 959619 1502 V4
6 736 1033704 1502 V5
6 832 1065564 1502 V6
6 1373 1166571 1502 V7
7 288 511905 1507 V1
7 355 682155 1507 V2
7 469 883863 1507 V3
7 567 995871 1507 V4
7 736 1103247 1507 V5
8 371 688251 1508 V1
8 461 873312 1508 V2
8 568 1015071 1508 V3
8 658 1078053 1508 V4
8 735 1115652 1508 V5
8 832 1170489 1508 V6
8 994 1214700 1508 V7
8 1198 1261218 1508 V8
9 300 582477 1510 V1
9 385 844101 1510 V2
9 663 1208706 1510 V3
9 749 1249074 1510 V4
9 1034 1348665 1510 V5
9 1224 1415106 1510 V6
9 1391 1445472 1510 V7
9 1783 1513812 1510 V8
10 572 1105584 1515 V1
10 648 1199460 1515 V2
10 823 1278996 1515 V3
10 1026 1353408 1515 V4
10 1202 1405446 1515 V5
10 1410 1448136 1515 V6
10 1810 1497771 1515 V7
11 636 937392 1525 V1
11 729 1003110 1525 V2
11 842 1061004 1525 V3
11 1023 1128345 1525 V4
11 1199 1172724 1525 V5
11 1388 1229994 1525 V6
12 475 878634 1528 V1
12 656 1055193 1528 V2
12 851 1148166 1528 V3
12 1035 1200801 1528 V4
12 1216 1262544 1528 V5
12 1753 1346778 1528 V7
13 560 981165 1531 V1
13 651 1050357 1531 V2
13 737 1109121 1531 V3
13 814 1138404 1531 V4
13 1025 1217250 1531 V5
14 555 992109 1543 V1
14 813 1152753 1543 V2
14 1211 1280022 1543 V4
14 1380 1331109 1543 V5
14 1778 1367097 1543 V6
15 304 537186 1548 V1
15 373 689184 1548 V2
15 477 887166 1548 V3
15 555 970512 1548 V4
15 647 1049286 1548 V5
15 745 1104372 1548 V6
15 855 1179207 1548 V7
16 454 880239 1553 V1
16 563 959118 1553 V2
16 644 1014666 1553 V3
16 748 1075224 1553 V4
16 845 1114470 1553 V5
16 1019 1178427 1553 V6
16 1790 1292169 1553 V7
17 546 993861 1555 V1
17 655 1102347 1555 V2
17 743 1117158 1555 V3
17 807 1145733 1555 V4
17 1038 1225431 1555 V5
17 1218 1291866 1555 V6
17 1381 1310754 1555 V7
17 1773 1357665 1555 V8
